节点规模：500   范围：一平方公里
数据总量：26909
66


主节点： {1, 3, 4, 5, 6, 7, 10, 11, 13, 14, 15, 16, 20, 21, 22, 23, 24, 25, 28, 30, 32, 33, 35, 37, 38, 39, 41, 44, 46, 48, 49, 50, 51, 55, 56, 57, 58, 59, 60, 61, 62, 66, 68, 71, 72, 74, 75, 78, 79, 80, 84, 88, 91, 92, 96, 102, 103, 105, 107, 109, 110, 112, 115, 116, 129, 133, 136, 140, 141, 145, 146, 149, 157, 161, 163, 165, 166, 167, 172, 182, 192, 198, 199, 203, 215, 235, 244, 245, 253, 255, 275, 278, 287, 288, 290, 293, 307, 310, 311, 315, 319, 320, 339, 356, 405, 434, 435, 446, 452, 466, 487}
冗余数据：14993












